Trainning time : 4.007270949166667
0;35249.640625;2950.752197265625
1000;296.06585693359375;307.17242431640625
2000;35.70401382446289;34.637290954589844
3000;8.331799507141113;16.725452423095703
4000;5.474551200866699;4.89310884475708
5000;3.8480303287506104;4.8539228439331055
6000;3.3247220516204834;4.465000152587891
7000;2.803140163421631;3.4348511695861816
8000;2.4685208797454834;7.315680980682373
9000;2.244009494781494;4.304723262786865
10000;1.5997592210769653;4.385178089141846
11000;1.5303972959518433;1.4627183675765991
12000;1.2828915119171143;5.211607933044434
13000;1.1660971641540527;1.3548247814178467
14000;0.9505795240402222;1.2737700939178467
15000;0.7955642938613892;2.423612356185913
16000;0.7576432228088379;0.740233302116394
17000;0.9010091423988342;0.6612474322319031
18000;0.8081629276275635;1.2146958112716675
19000;0.6404887437820435;1.8099777698516846
20000;0.6716709733009338;0.7389124035835266
21000;0.5561046004295349;1.2642537355422974
22000;0.6772367358207703;0.9226353764533997
23000;0.705054521560669;0.879183828830719
24000;0.5256304740905762;0.7755340337753296
25000;0.5532369613647461;0.4682532250881195
26000;0.6367276310920715;0.7103001475334167
27000;0.5423408150672913;0.7064945101737976
28000;0.5464006662368774;0.8993569612503052
29000;0.6379134058952332;0.5416304469108582
30000;0.4888574182987213;1.4117566347122192
31000;0.48314058780670166;0.3643142580986023
32000;0.4501318037509918;0.6886786818504333
33000;0.46340411901474;0.467030793428421
34000;0.4114173352718353;0.8553825616836548
35000;0.3912927210330963;1.0216444730758667
36000;0.3721523880958557;0.7682442665100098
37000;0.4245433509349823;0.4844149947166443
38000;0.5559253692626953;1.03622305393219
39000;0.550379753112793;0.6362838745117188
40000;0.37964197993278503;0.3526152968406677
41000;0.4778369665145874;0.306548148393631
42000;0.3668229877948761;0.9841405749320984
43000;0.4641994535923004;0.3836601972579956
44000;0.4603276252746582;0.9070676565170288
45000;0.398856520652771;0.4789814352989197
46000;0.44620537757873535;0.38976308703422546
47000;0.40997129678726196;0.4285642206668854
48000;0.3937819302082062;0.39974352717399597
49000;0.3514522314071655;0.3072444498538971
50000;0.4286017119884491;0.5274589657783508
Number of data : 4488
Number of training data: 4035
Number of validation data: 449
learning_rate : 0.001
Model: "sequential"
_________________________________________________________________
 Layer (type)                Output Shape              Param #   
=================================================================
 dense (Dense)               (None, 16)                336       
                                                                 
 dense_1 (Dense)             (None, 16)                272       
                                                                 
 dense_2 (Dense)             (None, 16)                272       
                                                                 
 dense_3 (Dense)             (None, 16)                272       
                                                                 
 dense_4 (Dense)             (None, 16)                272       
                                                                 
 dense_5 (Dense)             (None, 16)                272       
                                                                 
 dense_6 (Dense)             (None, 16)                272       
                                                                 
 dense_7 (Dense)             (None, 16)                272       
                                                                 
 dense_8 (Dense)             (None, 16)                272       
                                                                 
 dense_9 (Dense)             (None, 16)                272       
                                                                 
 dense_10 (Dense)            (None, 4)                 68        
                                                                 
=================================================================
Total params: 2852 (11.14 KB)
Trainable params: 2852 (11.14 KB)
Non-trainable params: 0 (0.00 Byte)
_________________________________________________________________
Test point : [382.056, -80.0464, -118.469, 58.4692]
Reponse : [[ 383.91135   -80.17071  -118.79294    58.344486]]
Test point : [463.092, 35.8759, -60.9015, 54.9976]
Reponse : [[464.54654   35.774895 -61.885124  54.63098 ]]
Test point : [493.665, 41.803, -108.89, -56.7261]
Reponse : [[ 495.5576     42.219517 -108.90941   -56.66267 ]]
